27,29,325,76,261,982,364,78,363,426,180,363
63,376,172,758,977,34,48,157,80
281,268,100,843,1015,34,151,23,16,589
60,672,199,110,503,281,218,92,151
0,766,29,30,49,53,7,0,110,7
27,157,88,983,110,950,135,342,157,395
157,4,79,280,76,245,274,151,884,174,110,391,212,339
626,94,79,96,121,478,317,151,331,151,206
151,153,364,363,402,48,132,151,691,363,0,28,371
485,79,516,34,185,366,339,345,7,371
534,48,550,732,88,340,732,312,57,361,363,135,50,107,731,48
79,764,725,683,34,34,48,308,142,718,308,96,223,108,152,691,958,108
34,27,53,79,689,959,166,92,48,519,520,34,27
30,34,95,467,468,443,50,429,475,162,202,268,50,346,273,274
534,79,72,1013,109,179,1014,364,370,361,1015,461,101,1016,522,34,27,172,48,461,1017,591,34,492,57,268,1018
0,50,550,516,0,110,216,215,27,819,198,535
440,172,758,64,50,34,27,92,34,198,570
60,417,11,12,59,60,27,104,194,7
94,50,0,48,125,559,855,94,721,150,64,131,48,96,717,223,35
79,586,729,460,79,271,15,631,797,44
161,378,180,379,380,34,340,149,80,381,53,34,149,340,382,88,27,383,162,163,147,384,385,386,387,47,388,64,117,389,223,390,151,366,391,339,323,392,371,110,393
34,48,50,73,683,977,34,243,34,151
683,862,79,156,107,53,135,927,135,53
280,198,832,79,157,280,202,215,268,775,157,79
109,30,92,34,198,151,30,177,30,34,50,27
104,96,108,49,369,509,142,34,522,735
79,30,282,364,38,362,281,389,888,78,117,118,37,27,110,125,748,245,491
5,258,50,79,342,0,107,108,255,76,122,0,110,258,50
157,79,156,160,27,112,80,0,30,27,550,730
95,361,298,180,118,64,223,264,871,298,440
125,925,622,478,0,110,374,17,131,340,11
79,63,39,415,147,98,425,223
281,325,592,94,218,281,318,47,48,92,142,711,256
125,44,401,143,402,0,401,403,404,405,406,407,50,48,142,408,409,272,410,135,25,34,64,411,107,108,412,413,108,178
469,417,44,98,39,151,140
48,308,142,79,519,520,308,34,522
64,117,157,79,88,216,48,7,157,88,17,374,101
151,142,69,35,142,96
340,180,118,982,142,809,591,34,96,675,53,958,108,807
125,80,18,977,187,328,132,909,298
111,142,125,404,24,258,0,50,160,92,198,570,76
44,411,7,50,711,409,44,88,98,76,107,76,109,29,492
79,79,18,216,246,636,794,202,47,622,7
787,27,998,443,215,96,340,114,52,79
125,30,478,636,76,122,223,39,40,161,39,40,79,0,29,730,977,47,591,34,495
646,34,503,50,40,409,809,809,677,362,809,180,362,576,307,78,362,50,376,34,34,151,142,189,34,151,304,355,142,268
7,147,161,1002,152,69,109,281,154,189,34,64
30,568,545,272,34,95,112
202,112,48,34,48,527,976,50,48,34,273,274,150,144
50,27,48,223,131,155,11,37,836
417,50,142,185,958,108,53,90,758,342,829,6,393,135
142,721,475,50,34,151,15,631,151,503,371
30,550,27,80,82,122,410,214
151,2,311,27,27,0,110,91,17,214,132
0,964,60,345,15,550,551,0,779,244
34,461,550,902,63,566,50,27
34,48,50,951,342,31,787,884,154,1015
125,897,15,522,765,142,1021,125,771,125,11
327,109,63,328,329,330,159,92,34,151,331,50,132,11,220,221,63,6,198,245,274,332
125,79,18,34,672,27,588,37,583,12,372,142,27,110
34,202,48,53,855,758,202,34,64,132,30,110,149,115,253,30,34,407,34,0
30,267,950,151,780,407,50
223,417,308,369,53,142,418,765,967
49,30,318,420,17,193,214
157,512,202,91,48,97,271,110,317,157,64,156,91,91,813,92,166,814,156,815,389,224,816,191,817,110
0,151,97,22,339,159,15,339
157,79,156,711,758,169
27,491,465,173,50,64,673,629,212,339,245,274
417,50,532,94,708,369,53,369,509,532,94,318,308
460,46,79,141,160,48,155,272,92,80,214,0,30,393,110
223,417,269,270,559,94,418,50,53,27,331,38,700,298,393,151,169,135,189,34,109
79,354,142,958,108,22,151,339,147,503,164,142,0
0,929,553,151,929,553,447,88,182,161,939,540,149,169,135,140
417,50,304,94,169,78,390,758
199,60,727,53,223,474,53,172,173,34,13,48,132,474,60
4,376,950,407,73,970,971,50,194,384,273,146
511,135,30,351,809,540,142,53,216,132,443,92,34,151,30
417,73,683,151,722,34,182,132,76,202,27,50
135,97,53,142,223,35,0,50,34,522,0,53,142,272,34,202,48,50,142
836,50,38,390,730,257,223,390,51,52,37,92,198,30
223,33,354,202,48,1019,7,371,33,50,409,496,488,420,149,55,1016,15,34,1016,34,13,1020,492,317,1021,33,109,44
0,50,27,244,635,26
262,250,50,268,149,698,34,112,80,418,587,27
157,79,156,79,425,137,182,191,156
157,996,80,27,6,224,151
50,268,268,53,34,182,34,132,742,743,829,418,44
79,142,151,414,927,22,23,339,29
220,954,156,157,569,79,535,198,948,216
47,7,958,108,371,282,193,64,27,110,655,142,411,79,92,198,800
150,902,272,903,181,131,904,905,8,0,151,150,545,906,384,131,904
48,855,64,339,132,22,48,18,80,132,485,172,194,64,748,245,340,629,274
125,35,306,80,131,114,909,34,50,191,48
149,466,467,468,469,470,471,472,473,18,48,80,205,474,475,476,223,281,246,477,198,478,479,235,223,480,481,235,15,470,471,34,198,482,202,202,48,474
149,914,217,711,465,780,50,51,31,487,50,711,11,37,711,780
0,156,79,34,321,156,575,974,696,157,79
658,15,809,142,27,53,340,137,108,809
27,867,80,447,298,183,241,53,796
34,50,48,31,787,48,94,789,587,499,50,34,151,342,418,31,787,202,34
142,809,125,364,363,131,78,108,142
34,393,274,711,30,68,711,409,417,764,670,683,34,393,116
584,107,585,586,149,50,48,587,48,155,34,34,340,202,588,560,155,300,50,48,589,317,34,80,155,38,39,590,135,149,475,591,34,202,592,107,593,594,595,596,597,598,599,600
686,94,575,229,255,0,551,142,417,172,195,122,0,53,352,535,198
27,244,15,711,758,154,147
7,147,161,1002,152,69,109,281,154,189,34,64
151,980,149,194,550,244,172,159,34,50,27,34,198,273,274
0,1,30,7,309,125,7,958,108,371,276,27
79,94,22,151,264,363,371,704,353
96,76,79,216,217,218,219,220,221,222,223,224,7
48,706,553,135,84,869,0,551,0,50,220,954,149,50,121,279,12,706,553
60,672,199,110,503,281,218,92,151
511,147,271,64,34,345,34,27,53,634
367,30,977,79,218,79,550,244,495
728,469,21,474,7,474,728,469,282,728,469,474,109,34,881,492
71,79,532,94,112,612,71,978,202,308,94,503,345
149,92,27,202,261,25,276,950,325
31,32,33,34,35,36,37,27,38,39,40,41,42,31,43,44,45,46,47
176,52,48,766,767,768,769,98,683,33,80,82,122,868,869,76
202,47,769,5,53,44
64,838,839,840,298,194,384,638,65,380,711,223,841,842,843,844,195,141,551,845,846,847,843,523,79,104,848
151,94,339,591,34,194,473,64,27,110,0,29
151,150,730,926,636,342,141,646,460,92,80,34,768,575,79,53,342,151,198,781
34,202,48,342,34,50,48,354,34,734,53,27,342,34,798,612
149,92,27,202,261,25,276,950,325
35,255,94,135,781,224,147,384,223,216,27,998,886
345,7,325,76,592,214
202,112,48,34,48,527,976,50,48,34,273,274,150,144
94,5,43,304,94,566,297,536,304,94,964,87,223,417,94,135
78,53,0,73,970,34,787,532,789,796,801,44,392,363,532,789,30
94,111,96,76,218,110
311,64,101,76,658,218,281,363,198,339,570
0,151,800,151,64,255
157,4,79,156,784,913,156,568,461,164,950,398,156
79,50,923,0,855,535,198,272,48,34,308,142
950,282,311,950,64,17
149,142,202,376,223,108,177,595,164,591,34,492
150,636,144,149,92,550,244,34,95,308,571,50,244,34,44
417,94,79,978,352,101,90,94,50,0
194,180,118,298,156,132
417,73,683,185,958,108,417,50,50,0,154,978,535,198,682
27,60,736,34,199,763,60,92,6,151
94,307,189,34,151,34,403,17,946
125,151,76,829,34,27,50,798,407
929,43,48,48,443,218,0,156,550,218
7,152,409,57,424,496,488,420,34,1016,195,149,608,488,420,17,287,194,268
151,339,342,109,142,34,779,53,307,92,34,151
30,147,338,91,364,122,345,493
873,27,88,874,731,155,875,98,876,34,877,157,302,115,274,11,29,88,878,879,95,535,880,682,11,730,71,141,30,34,149,340,881,496,882,78,730,535,109
218,363,76,25,495,34,148,24,202,112,87,460,88,144
311,17,76,414,415,416,417,110,418,15,111,419,420,80,421,151
303,72,440,324,629,673,954,977,79
672,27,34,13,107,80,48
135,97,142,48,417,308,711,53,223,0,455
82,311,844,496,371,15,7,30,0,110,325,122,0,172,7,764
7,69,299,325,718,658,34,64,223,152,152,64,403,153,992,85,143,92,950,7,148,152,153
34,73,95,92,48,13,199
79,142,7,979,7,47,122,83,214
34,27,53,79,689,959,166,92,48,519,520,34,27
79,94,35,93,34,731,339,191,345,15,371,216,345,414,1017
982,883,299,629,137,110,92,950,115,132,161,945,153,764,142
44,440,371,39,7,273,274,76,298,1016,39,440,425,50,267,245,281,92,492,34,7,371
696,460,48,88,317,223,246,700,92,11,151,223,460,485,34,160,268,141,49,69,378,48,132,29,30,46,766
125,602,472,0,79,104,262,996,472,79,50,535,198
27,63,758,125,151,451,39,452,630,629,149,758
79,142,369,509,114,522,22,342,125
94,27,575,110,591,34,194,473,30,430,151,94,964
5,199,142,49,352,978,50,395,71,112,631,108,142,979,151
94,111,96,76,218,110
758,34,148,149,460,34,46,511,88,243
142,809,125,364,363,131,78,108,142
44,112,553,53,474,461,545,474,553,53,492
96,217,202,199,34,132,50,97,771,30,79
758,0,30,50,1015,18,131,629,443
519,520,114,521,522,142,135,523,524,27,525,370,526,527,528,529,255,142,18,530,531
151,142,964,832,79,108,82,122,194
417,50,532,94,708,369,53,369,509,532,94,318,308
340,180,118,982,142,809,591,34,96,675,53,958,108,807
282,7,65,122,452,705,27,50,11,223,339,51,971,564,11
0,156,65,157,4,79,7,421,110,0
35,142,784,159,15,402,140,25,64
151,98,272,144,87,34,522,50,48,98,771,564,218,407,522,50
34,96,142,0,793,94,823,216,185,967
95,282,311,193,5,345
591,34,512,570,92,112,96,18,323,364,629,154,12,375,64,52,954,34,50,27,216,465,758,64,563,87,149,34
345,30,25,34,110,645,28,48
27,244,48,53,711,465,732,37,27
48,401,403,11,930,750,309,64,49,53,576,114,522
711,63,708,48,708,764,79,34,223,272
79,958,108,49,94,50,22,797,79,892
50,132,48,12,622,37,141,223,50,48,553
79,94,34,522,258,262,707
417,217,142,310,418,142,159,15,345,44
151,977,79,994,48,241,50,48
447,485,79,471,710,5,53,927,224,636,298,838,182,183,297
950,873,342,500,371,835,658,27,689,683,73,970,4,393,135,202,672,27
7,311,39,157,79,7,66,34,308,160,534,157,34,48
585,53,50,27,409,137,53,517,732,273,274
48,94,96,114,564,49,50
836,417,244,33,345,131,729,730,878,831,550,244,97,900
7,147,161,1002,152,69,109,281,154,189,34,64
93,482,48,971,564,447,97,189,34
223,807,60,173,34,635,743
149,150,144,151,152,153,154,155,156,153,154,157,158,80,159,160,114,50,161,153,157,158,162,163
321,298,0,0,50,182,191,22,15,339
30,17,223,380,125,420,180,1015,97,135,125,380,37,223,417,30,125
364,460,591,34,64,734,156,0,30,0,110,91,17,364,460,495
836,34,48,53,882,76,151,152,727,53
15,455,672,109,307,417,404,48,59,60,491
202,34,15,23,241,11,212,339,29,6,34,393,110,115
532,94,964,511,731,131,135,485,34,48,971,50,34,43
34,148,440,337,240,149,417,50,142,440,440,418,34,264,43,440,589,37,82
304,355,270,574,142,417,79,258,956,50,997,935,160,50,142,82,255
328,27,217,27,53,27,194,222,404,563,51
88,0,166,151,223,107,131,13,157,48,758,157,393
125,44,401,143,402,0,401,403,404,405,406,407,50,48,142,408,409,272,410,135,25,34,64,411,107,108,412,413,108,178
96,97,66,94,94,35,94,25,34,15,801,7,371,371,287
50,48,505,603,48,97,471,603,57,92,34,80,157,48,491
15,752,471,106,447,281,178,109,485,79,471,135,15,458,682,135,107,44,342
223,33,354,202,48,1019,7,371,33,50,409,496,488,420,149,55,1016,15,34,1016,34,13,1020,492,317,1021,33,109,44
35,142,53,34,749,76,799,836,7,958,108,79,1021,7
91,1017,311,147,592,750,76,948,0,1,92,6,194,384
79,627,156,0,154,125,974,157,79,53,913
460,79,18,290,88,194
79,515,7,636,76,1021,90,27,566,223,35,371,30,6,393,135
34,393,110,51,30,141,48,393,116,297
658,15,809,142,27,53,340,137,108,809
50,27,271,64,137,110,366,262,339,658,946,132,371
282,7,193,157,79,88,1021,7,30
157,80,30,82,122,302,363,65,78,157,214,371
80,161,63,80,750,223,844,107,223,25,34,268,473
34,44,194,339,34,371,44,34,318,132,758,456
325,95,76,623,29,92,198,223,141,796,156
79,142,308,34,522,369,509,50,111,135,98,967,142,223,965,417
311,131,904,34,877,977,88,131,904,34,877,157,88,131,904
471,34,27,467,468,634,27,53,34,27,92,34,151
79,574,151,82,380,169,832,485,34,289,199
202,48,50,33,316,270,244,311,224,147,384
47,94,49,53,34,522,732,151,223
516,0,147,318,48,151,260,71,88,838
696,460,125,30,39,46,638
223,35,958,108,53,223,82,255,37,11,354,135
612,34,50,950,125,522,25,34,15,125,612
29,111,34,635,315,50,0,6,151
519,520,114,521,522,142,135,523,524,27,525,370,526,527,528,529,255,142,18,530,531
807,50,18,418,80,34,340,50,48,976,92,34,273,274,30
159,15,311,367,1,282
511,147,318,7,317,944,281,17,325,91,218,874,214
135,125,636,66,304,30,39,15,223,417,50,34,268,243
142,27,672,199,104,149,48,340,11,574
34,48,60,34,48,34,149,7,340,491,48,443,59
93,202,112,27,34,795,34,273,274,149,47,223,407,735
142,404,48,95,142,809,141,48,94,50,48,96,787,52,51,52
223,417,269,270,559,94,418,50,53,27,331,38,700,298,393,151,169,135,189,34,109
778,35,855,33,135,69,34,80,97,255,80,214,855,33
48,527,976,244,34,43,334,13,773,48
7,63,254,100,64,63,864,122,385,159,312,109
444,445,446,447,252,79,80,448,339,449,450,451,39,452,93,25,34,448,453,317,454,357,30,455,15,456,7,457,404,48,125,87,458,281,0,50,459,460,461,164,462,463,464,465,27